timestamp,gyro_x,gyro_y,gyro_z
0.003,3.420,2.511,0.557
0.019,3.160,2.412,0.466
0.034,3.198,2.588,0.580
0.048,3.405,2.260,0.634
0.063,3.420,2.565,0.618
0.078,3.282,2.519,0.557
0.093,3.405,2.435,0.466
0.108,3.122,2.290,0.794
0.122,3.420,2.420,0.496
0.137,3.328,2.534,0.672
0.152,3.397,2.565,0.534
0.167,3.443,2.328,0.458
0.182,3.397,2.573,0.580
0.197,3.374,2.710,0.634
0.213,3.534,2.305,0.443
0.228,3.252,2.573,0.634
0.243,3.221,2.817,0.634
0.257,3.282,2.382,0.580
0.272,3.275,2.588,0.626
0.287,3.649,2.580,0.573
0.302,3.328,2.603,0.748
0.317,3.374,2.321,0.695
0.332,3.168,2.443,0.664
0.347,3.565,2.351,0.557
0.361,3.389,2.611,0.710
0.379,3.389,2.519,0.550
0.394,3.366,2.511,0.443
0.409,3.366,2.550,0.504
0.424,3.443,2.267,0.275
0.438,3.489,2.626,0.794
0.453,3.489,2.672,0.435
0.468,3.344,2.481,0.534
0.483,3.153,2.763,0.824
0.498,3.420,2.748,0.412
0.513,3.237,2.618,0.534
0.527,3.214,2.374,0.565
0.542,3.046,2.580,0.565
0.557,3.496,2.885,0.809
0.572,3.252,2.504,0.366
0.587,3.344,2.733,0.626
0.602,3.244,2.412,0.626
0.617,3.420,2.626,0.573
0.631,3.298,2.298,0.565
0.646,3.313,2.412,0.733
0.661,3.298,2.534,0.496
0.676,3.412,2.550,0.649
0.691,3.359,2.122,0.588
0.706,3.420,2.450,0.740
0.721,3.328,2.519,0.672
0.736,3.527,2.649,0.489
0.751,3.481,2.427,0.626
0.766,3.427,2.359,0.511
0.781,3.458,2.504,0.756
0.795,3.489,2.473,0.534
0.810,3.221,2.580,0.733
0.825,3.267,2.420,0.824
0.840,3.313,2.206,0.809
0.855,3.511,2.344,0.504
0.870,3.206,2.786,0.427
0.885,3.511,2.496,0.458
0.900,3.412,2.374,0.855
0.916,3.260,2.695,0.817
0.932,3.405,2.458,0.519
0.949,3.351,2.450,0.473
0.964,3.389,2.534,0.611
0.980,3.366,2.282,0.740
0.995,3.344,2.351,0.611
1.010,3.420,2.450,0.733
1.026,3.321,2.420,0.466
1.043,3.466,2.634,0.542
1.059,3.397,2.336,0.389
1.075,3.397,2.496,0.519
1.090,3.511,2.527,0.641
1.105,3.298,2.725,0.267
1.121,3.626,2.489,0.527
1.138,3.443,2.794,0.389
1.154,3.450,2.550,0.489
1.171,3.626,2.427,0.672
1.187,3.748,2.641,0.534
1.203,3.550,2.420,0.580
1.220,3.466,2.603,0.420
1.236,3.252,2.481,0.588
1.251,3.382,2.565,0.679
1.266,3.359,2.725,0.580
1.282,3.389,2.511,0.550
1.298,3.511,2.305,0.649
1.314,3.496,2.618,0.489
1.330,3.580,2.649,0.603
1.346,3.328,2.656,0.611
1.362,3.679,2.450,0.756
1.378,3.519,2.237,0.504
1.394,3.145,2.458,0.496
1.411,3.649,2.702,0.282
1.427,3.336,2.534,0.527
1.443,3.519,2.366,0.634
1.459,3.237,2.664,0.382
1.476,3.389,2.656,0.420
1.492,3.321,2.389,0.573
1.509,3.229,2.603,0.435
1.525,3.336,2.511,0.389
1.540,3.145,2.595,0.588
1.558,3.412,2.664,0.733
1.574,3.382,2.573,0.664
1.590,3.214,2.344,0.450
1.607,3.198,2.519,0.450
1.623,3.580,2.565,0.664
1.639,3.313,2.733,0.481
1.654,3.420,2.359,0.809
1.670,3.588,2.443,0.550
1.690,3.550,2.458,0.649
1.706,3.458,2.458,0.626
1.720,3.275,2.634,0.626
1.736,3.450,2.374,0.435
1.752,3.374,2.527,0.611
1.769,3.435,2.687,0.481
1.785,3.489,2.435,0.282
1.802,3.366,2.511,0.511
1.818,3.176,2.450,0.656
1.834,3.473,2.649,0.557
1.850,3.282,2.519,0.611
1.867,3.511,2.366,0.740
1.883,3.443,2.725,0.275
1.899,3.458,2.435,0.740
1.915,3.336,2.481,0.809
1.932,3.351,2.237,0.405
1.948,3.351,2.534,0.595
1.964,3.481,2.282,0.901
1.980,3.267,2.725,0.656
1.996,3.313,2.550,0.504
2.013,3.229,2.527,0.489
2.029,3.489,2.702,0.542
2.045,3.336,2.550,0.473
2.061,3.626,2.595,0.641
2.078,3.168,2.748,0.794
2.094,3.504,2.313,0.550
2.110,3.427,2.527,0.305
2.126,3.420,2.664,0.618
2.142,3.244,2.611,0.443
2.158,3.557,2.573,0.649
2.175,3.580,2.473,0.519
2.191,3.206,2.282,0.908
2.207,3.382,2.748,0.267
2.223,3.405,2.481,0.672
2.240,3.176,2.542,0.710
2.256,3.244,2.786,0.603
2.272,3.595,2.527,0.519
2.289,3.176,2.321,0.695
2.305,3.298,2.473,0.687
2.321,3.321,2.450,0.679
2.338,3.443,2.305,0.550
2.354,3.313,2.282,0.466
2.370,3.351,2.748,0.328
2.386,3.237,2.305,0.603
2.403,3.489,2.435,0.656
2.419,3.534,2.443,0.435
2.435,3.351,2.908,0.405
2.451,3.267,2.649,0.817
2.467,3.328,2.305,0.527
2.484,3.160,2.489,0.649
2.500,3.137,2.580,0.542
2.516,3.405,2.733,0.672
2.532,3.374,2.504,0.443
2.548,3.374,2.771,0.626
2.565,3.344,2.359,0.763
2.581,3.405,2.809,0.527
2.597,3.580,2.557,0.893
2.613,3.305,2.382,0.595
2.630,3.290,2.504,0.649
2.646,3.412,2.336,0.664
2.662,3.328,2.611,0.756
2.678,3.290,2.466,0.687
2.694,3.130,2.603,0.397
2.711,3.359,2.527,0.718
2.727,3.450,2.489,0.565
2.743,3.382,2.710,0.511
2.759,3.344,2.710,0.573
2.775,3.305,2.366,0.580
2.791,3.366,2.603,0.519
2.808,3.183,2.687,0.580
2.824,3.237,2.573,0.817
2.840,3.405,2.618,0.328
2.856,3.382,2.656,0.733
2.872,3.557,2.366,0.641
2.889,3.473,2.511,0.779
2.905,3.603,2.710,0.573
2.921,3.603,2.191,0.382
2.937,3.481,2.427,0.809
2.954,3.473,2.679,0.595
2.970,3.206,2.344,0.389
2.986,3.489,2.832,0.351
3.002,3.237,2.389,0.656
3.019,3.275,2.481,0.534
3.035,3.183,2.550,0.687
3.051,3.519,2.450,0.626
3.067,3.450,2.656,0.481
3.084,3.038,2.588,0.679
3.100,3.115,2.450,0.397
3.118,3.603,2.679,0.511
3.134,3.511,2.573,0.908
3.150,3.168,2.534,0.458
3.166,3.412,2.450,0.221
3.183,3.481,2.687,0.435
3.199,3.336,2.481,0.527
3.215,3.366,2.389,0.611
3.231,3.397,2.519,0.557
3.248,3.550,2.557,0.519
3.264,3.542,2.664,0.435
3.280,3.557,2.489,0.687
3.296,3.412,2.672,0.412
3.312,3.511,2.321,0.397
3.329,3.160,2.466,0.626
3.345,3.412,2.344,0.435
3.361,3.298,2.695,0.878
3.378,3.580,2.382,0.618
3.394,3.359,2.412,0.557
3.410,3.496,2.756,0.710
3.426,3.321,2.511,0.573
3.442,3.046,2.443,0.695
3.459,3.527,2.542,0.244
3.475,3.557,2.626,0.511
3.491,3.328,2.344,0.466
3.507,3.176,2.489,0.924
3.524,3.412,2.282,0.771
3.540,3.328,2.588,0.687
3.556,3.328,2.237,0.718
3.572,3.504,2.519,0.611
3.588,3.252,2.504,0.634
3.605,3.458,2.550,0.550
3.622,3.489,2.458,0.626
3.638,3.092,2.634,0.374
3.655,3.351,2.557,0.595
3.671,3.458,2.580,0.588
3.687,3.420,2.366,0.511
3.703,3.374,2.405,0.527
3.720,3.282,2.580,0.695
3.736,3.443,2.397,0.542
3.752,3.282,2.374,0.366
3.768,3.252,2.344,0.351
3.785,3.290,2.740,0.580
3.801,3.321,2.588,0.527
3.817,3.679,2.496,0.603
3.833,3.282,2.595,0.458
3.849,3.435,2.336,0.702
3.866,3.481,2.069,0.679
3.882,3.450,2.504,0.740
3.898,3.374,2.397,0.718
3.914,3.573,2.824,0.458
3.930,3.328,2.824,0.550
3.947,3.450,2.573,0.534
3.963,3.305,2.260,0.656
3.979,3.351,2.427,0.397
3.995,3.366,2.328,0.779
4.011,3.130,2.534,0.672
4.028,3.519,2.687,0.313
4.044,3.504,2.649,0.931
4.060,3.198,2.679,0.458
4.076,3.153,2.511,0.466
4.092,3.321,2.595,0.618
4.109,3.412,2.519,0.336
4.125,3.603,2.771,0.740
4.141,3.626,2.412,0.534
4.157,3.321,2.450,0.565
4.173,3.366,2.618,0.527
4.190,3.580,2.290,0.656
4.206,3.244,2.573,0.359
4.222,3.313,2.611,0.649
4.239,3.382,2.458,0.679
4.255,3.344,2.817,0.664
4.271,3.641,2.473,0.580
4.287,3.405,2.618,0.603
4.303,3.397,2.527,0.847
4.320,3.344,2.511,0.626
4.336,3.206,2.496,0.504
4.352,3.412,2.145,0.588
4.369,3.412,2.718,0.687
4.385,3.466,2.664,0.603
4.401,3.275,2.359,0.481
4.418,3.084,2.595,0.282
4.434,3.206,2.679,0.481
4.450,3.389,2.794,0.595
4.466,3.389,2.542,0.626
4.482,3.344,2.534,0.595
4.498,3.519,2.466,0.626
4.514,3.244,2.573,0.542
4.530,3.473,2.557,0.489
4.546,3.313,2.321,0.710
4.563,3.290,2.328,0.664
4.579,3.573,2.458,0.588
4.595,3.695,2.435,0.374
4.611,3.137,2.389,0.573
4.627,3.420,2.595,0.573
4.644,3.252,2.336,0.496
4.660,3.359,2.718,0.466
4.676,3.412,2.450,0.550
4.692,3.344,2.397,0.573
4.708,3.618,2.641,0.794
4.724,3.420,2.656,0.702
4.740,3.458,2.672,0.481
4.757,3.382,2.420,0.718
4.773,3.374,2.519,0.794
4.789,3.206,2.603,0.145
4.805,3.351,2.702,0.595
4.822,3.489,2.481,0.550
4.838,3.336,2.511,0.504
4.854,3.336,2.435,0.550
4.870,3.511,2.405,0.542
4.886,3.130,2.656,0.786
4.903,3.229,2.656,0.458
4.919,3.695,2.595,0.649
4.935,3.374,2.527,0.656
4.951,3.496,2.290,0.519
4.968,3.275,2.664,0.565
4.984,3.557,2.802,0.397
5.000,3.435,2.595,0.832
5.016,3.160,2.656,0.534
5.032,3.595,2.557,0.450
5.048,3.489,2.702,0.366
5.064,3.275,2.557,0.802
5.080,3.313,2.573,0.756
5.096,3.496,2.351,0.557
5.112,3.542,2.626,0.435
5.128,3.351,2.458,0.763
5.145,3.374,2.519,0.290
5.161,3.458,2.595,0.832
5.177,3.176,2.206,0.565
5.193,3.603,2.504,0.740
5.209,3.328,2.863,0.718
5.226,3.321,2.374,0.557
5.242,3.389,2.641,0.588
5.258,3.313,2.435,0.588
5.274,3.374,2.664,0.412
5.290,3.298,2.901,0.504
5.306,3.038,2.672,0.435
5.323,3.267,2.595,0.511
5.339,3.176,2.687,0.580
5.355,3.389,2.565,0.412
5.374,3.397,2.656,0.664
5.390,3.397,2.634,0.672
5.408,3.382,2.405,0.542
5.424,3.511,2.328,0.466
5.440,3.458,2.733,0.779
5.464,3.382,2.740,0.374
5.480,3.405,2.687,0.664
5.497,3.595,2.748,0.641
5.513,3.313,2.733,0.534
5.529,3.534,2.405,0.382
5.545,3.298,2.710,0.809
5.561,3.405,2.565,0.473
5.578,3.473,2.649,0.740
5.594,3.412,2.550,0.458
5.610,3.366,2.664,0.748
5.626,3.641,2.649,0.527
5.642,3.298,2.626,0.687
5.659,3.435,2.580,0.237
5.675,3.397,2.595,0.550
5.691,3.466,2.244,0.702
5.707,3.061,2.573,0.496
5.723,3.748,2.496,0.580
5.740,3.382,2.397,0.458
5.756,3.527,2.618,0.450
5.772,3.344,2.427,0.366
5.788,3.359,2.748,0.664
5.805,3.481,2.344,0.649
5.821,3.427,2.443,0.511
5.837,3.550,2.313,0.595
5.853,3.321,2.595,0.702
5.869,3.519,2.702,0.588
5.885,3.473,2.641,0.588
5.902,3.206,2.389,0.443
5.918,3.290,2.275,0.321
5.934,3.527,2.382,0.611
5.950,3.305,2.687,0.496
5.967,3.519,2.397,0.405
5.983,3.359,2.481,0.076
5.999,3.313,2.565,0.504
6.015,3.519,2.565,0.504
6.031,3.595,2.496,0.771
6.048,3.366,2.618,0.397
6.064,3.359,2.405,0.489
6.080,3.061,2.641,0.466
6.096,3.382,2.611,0.374
6.112,3.122,2.405,0.267
6.129,3.405,2.412,0.595
6.145,3.405,2.260,0.481
6.161,3.427,2.550,0.565
6.177,3.023,2.344,0.374
6.193,3.313,2.366,0.489
6.210,3.382,2.473,0.588
6.226,3.290,2.305,0.328
6.242,3.305,2.641,0.664
6.258,3.130,2.298,0.656
6.274,3.298,2.374,0.710
6.290,3.344,2.496,0.634
6.307,3.504,2.618,0.496
6.323,3.504,2.573,0.565
6.339,3.153,2.420,0.580
6.355,3.107,2.344,0.603
6.371,3.344,2.595,0.557
6.388,3.450,2.473,0.534
6.404,3.420,2.427,0.397
6.420,3.374,2.458,0.527
6.436,3.305,2.618,0.618
6.452,3.351,2.534,0.580
6.469,3.153,2.275,0.511
6.485,3.244,2.405,0.802
6.501,3.382,2.290,0.458
6.517,3.420,2.611,0.359
6.534,3.168,2.573,0.435
6.550,3.267,2.443,0.511
6.566,3.351,2.618,0.550
6.582,3.504,2.260,0.618
6.599,3.244,2.336,0.511
6.615,3.229,2.420,0.450
6.631,3.496,2.473,0.427
6.647,3.420,2.550,0.580
6.663,3.267,2.588,0.412
6.680,3.565,2.641,0.611
6.696,3.443,2.420,0.748
6.712,3.489,2.695,0.588
6.728,3.221,2.382,0.359
6.745,3.206,2.672,0.672
6.761,3.313,2.603,0.588
6.777,3.534,2.527,0.382
6.793,3.511,2.473,0.626
6.809,3.672,2.695,0.573
6.825,3.481,2.679,0.282
6.841,3.511,2.481,0.542
6.858,3.542,2.351,0.679
6.874,3.244,2.542,0.427
6.890,3.191,2.565,0.626
6.906,3.290,2.489,0.855
6.922,3.366,2.458,0.443
6.939,3.351,2.519,0.634
6.955,3.412,2.893,0.489
6.971,3.382,2.412,0.519
6.987,3.298,2.366,0.656
7.004,3.634,2.550,0.458
7.020,3.321,2.580,0.336
7.036,3.466,2.725,0.924
7.052,3.489,2.389,0.282
7.068,3.466,2.443,0.519
7.085,3.282,2.557,0.809
7.101,3.328,2.519,0.466
7.117,3.282,2.504,0.328
7.133,3.405,2.458,0.588
7.150,3.519,2.412,0.573
7.166,3.389,2.282,0.542
7.182,3.756,2.328,0.718
7.198,3.756,2.504,0.794
7.215,3.214,2.519,0.382
7.231,3.321,2.550,0.328
7.247,3.183,2.527,0.672
7.263,3.160,2.458,0.550
7.280,3.359,2.466,0.809
7.296,3.412,2.641,0.824
7.312,3.115,2.542,0.481
7.328,3.412,2.435,0.366
7.344,3.458,2.435,0.626
7.361,3.443,2.244,0.382
7.377,3.221,2.458,0.565
7.393,3.115,2.634,0.611
7.409,3.267,2.511,0.679
7.425,3.427,2.672,0.626
7.441,3.420,2.794,0.725
7.458,3.672,2.511,0.565
7.474,3.542,2.573,0.420
7.490,3.305,2.405,0.710
7.507,3.328,2.603,0.427
7.523,3.481,2.550,0.802
7.539,3.420,2.664,0.710
7.555,3.397,2.450,0.664
7.571,3.183,2.382,0.397
7.588,3.450,2.374,0.580
7.604,3.504,2.366,0.550
7.620,3.198,2.626,0.679
7.636,3.489,2.481,0.618
7.653,3.450,2.763,0.588
7.669,3.412,2.550,0.672
7.685,3.298,2.267,0.504
7.701,3.389,2.405,0.481
7.717,3.389,2.603,0.595
7.734,3.191,2.473,0.473
7.750,3.443,2.267,0.595
7.766,3.214,2.458,0.427
7.782,3.389,2.328,0.466
7.799,3.160,2.496,0.489
7.815,3.565,2.519,0.382
7.831,3.328,2.634,0.702
7.847,3.282,2.511,0.450
7.863,3.458,2.641,0.618
7.880,3.687,2.382,0.466
7.896,3.435,2.656,0.679
7.912,3.221,2.534,0.718
7.928,3.389,2.489,0.565
7.944,3.595,2.763,0.618
7.961,3.267,2.656,0.473
7.977,3.176,2.603,0.718
7.993,3.344,2.473,0.679
8.009,3.290,2.603,0.473
8.025,3.618,2.534,0.573
8.041,3.313,2.641,0.527
8.058,3.168,2.534,0.611
8.074,3.298,2.611,0.527
8.090,3.573,2.565,0.603
8.106,3.214,2.847,0.382
8.122,3.542,2.397,0.580
8.139,3.374,2.267,0.718
8.155,3.603,2.450,0.321
8.171,3.336,2.450,0.466
8.187,3.298,2.748,0.420
8.203,3.344,2.351,0.496
8.220,3.458,2.466,0.534
8.236,3.481,2.695,0.649
8.252,3.321,2.206,0.458
8.268,3.221,2.427,0.580
8.284,3.519,2.519,0.725
8.301,3.435,2.580,0.511
8.317,3.420,2.405,0.489
8.333,3.397,2.687,0.260
8.349,3.282,2.519,0.740
8.365,3.221,2.420,0.641
8.382,3.298,2.573,0.458
8.398,3.313,2.687,0.679
8.414,3.405,2.603,0.504
8.430,3.275,2.557,0.580
8.447,3.229,2.542,0.679
8.463,3.618,2.504,0.534
8.479,3.145,2.672,0.519
8.495,3.443,2.420,0.603
8.511,3.687,2.550,0.916
8.528,3.374,2.260,0.649
8.544,3.466,2.412,0.481
8.560,3.427,2.565,0.702
8.576,3.221,2.466,0.397
8.593,3.397,2.763,0.718
8.609,3.366,2.519,0.626
8.625,3.374,2.565,0.466
8.641,3.534,2.382,0.519
8.657,3.260,2.748,0.626
8.674,3.389,2.618,0.916
8.690,3.321,2.397,0.534
8.706,3.298,2.580,0.710
8.722,3.519,2.496,0.626
8.738,3.115,2.473,0.679
8.755,3.443,2.588,0.534
8.771,3.405,2.725,0.344
8.787,3.313,2.626,0.725
8.803,3.397,2.290,0.557
8.820,3.137,2.473,0.710
8.836,3.435,2.374,0.542
8.852,3.626,2.618,0.534
8.868,3.336,2.450,0.252
8.885,3.282,2.389,0.641
8.901,3.328,2.481,0.412
8.917,3.405,2.649,0.748
8.933,3.435,2.588,0.466
8.949,3.450,2.336,0.405
8.966,2.916,2.656,0.557
8.982,3.481,2.603,0.336
8.998,3.351,2.435,0.580
9.015,3.122,2.366,0.679
9.031,3.405,2.389,0.710
9.047,3.252,2.534,0.412
9.063,3.366,2.473,0.702
9.079,3.450,2.389,0.786
9.096,3.435,2.420,0.565
9.112,3.450,2.443,0.603
9.128,3.412,2.527,0.786
9.144,3.588,2.359,0.885
9.160,3.611,2.336,0.519
9.177,3.115,2.718,0.519
9.193,3.214,2.824,0.221
9.209,3.321,2.626,0.618
9.225,3.450,2.450,0.664
9.241,3.244,2.679,0.534
9.258,3.519,2.626,0.534
9.274,3.595,2.603,0.580
9.290,3.366,2.626,0.603
9.306,3.191,2.519,0.473
9.323,3.504,2.634,0.519
9.339,3.191,2.573,0.511
9.355,3.603,2.611,0.489
9.371,3.450,2.389,0.580
9.387,3.382,2.626,0.687
9.404,3.359,2.435,0.443
9.420,3.267,2.511,0.573
9.436,3.290,2.519,0.435
9.452,3.305,2.634,0.527
9.468,3.550,2.557,0.611
9.485,3.420,2.481,0.710
9.501,3.603,2.557,0.611
9.517,3.122,2.542,0.473
9.533,3.489,2.527,0.450
9.549,3.481,2.550,0.298
9.567,3.397,2.473,0.458
9.586,3.397,2.435,0.626
9.601,3.321,2.595,0.618
9.616,3.198,2.695,0.534
9.631,3.229,2.504,0.481
9.646,3.382,2.580,0.504
9.661,3.412,2.405,0.427
9.676,3.420,2.366,0.481
9.692,3.267,2.733,0.611
9.707,3.359,2.382,0.519
9.721,3.427,2.321,0.595
9.735,3.313,2.618,0.595
9.749,3.046,2.603,0.573
9.763,3.420,2.504,0.496
9.777,3.206,2.550,0.641
9.791,3.382,2.649,0.588
9.804,3.359,2.237,0.542
9.818,3.298,2.427,0.382
9.833,3.336,2.466,0.466
9.848,3.374,2.695,0.595
9.862,3.336,2.557,0.412
9.877,3.542,2.595,0.794
9.892,3.542,2.405,0.618
9.907,3.534,2.382,0.466
9.922,3.176,2.870,0.519
9.937,3.351,2.626,0.336
9.951,3.450,2.252,0.542
9.966,3.458,2.725,0.557
9.981,3.344,2.374,0.534
9.996,3.489,2.870,0.473
10.011,3.374,2.389,0.603
10.026,3.557,2.580,0.550
10.041,3.405,2.687,0.672
10.056,3.397,2.473,0.603
10.070,3.412,2.634,0.672
10.085,3.489,2.847,0.656
10.100,3.458,2.626,0.550
10.115,3.405,2.473,0.809
10.130,3.542,2.435,0.634
10.145,3.466,2.527,0.649
10.160,3.351,2.405,0.573
10.174,3.374,2.626,0.870
10.189,3.214,2.496,0.855
10.204,3.122,2.718,0.595
10.219,3.397,2.458,0.573
10.234,3.450,2.557,0.733
10.248,3.511,2.198,0.855
10.263,3.244,2.588,0.466
10.278,3.420,2.397,0.832
10.293,3.450,2.794,0.725
10.308,3.473,2.519,0.634
10.323,3.244,2.374,0.809
10.338,3.305,2.450,0.252
10.352,3.229,2.580,0.534
10.367,3.481,2.573,0.519
10.382,3.405,2.550,0.824
10.397,3.489,2.687,0.763
10.413,3.435,2.634,0.611
10.429,3.298,2.626,0.603
10.445,3.389,2.496,0.634
10.461,3.267,2.603,0.580
10.478,3.366,2.267,0.481
10.494,3.214,2.733,0.595
10.510,3.565,2.695,0.374
10.526,3.527,2.634,0.481
10.543,3.450,2.534,0.802
10.559,3.359,2.588,0.626
10.575,3.321,2.664,0.603
10.591,3.504,2.481,0.763
10.608,3.435,2.466,0.336
10.624,3.420,2.504,0.183
10.640,3.435,2.588,0.634
10.656,3.626,2.260,0.710
10.672,3.168,2.519,0.336
10.689,3.786,2.511,0.328
10.705,3.473,2.580,0.573
10.721,3.458,2.359,0.573
10.737,3.412,2.412,0.626
10.753,3.489,2.473,0.481
10.770,3.427,2.718,0.565
10.786,3.405,2.641,0.626
10.802,3.305,2.550,0.634
10.818,3.290,2.496,0.626
10.835,3.542,2.458,0.504
10.851,3.511,2.305,0.771
10.867,3.542,2.634,0.489
10.883,3.443,2.626,0.405
10.903,3.282,2.267,0.656
10.919,3.237,2.473,0.786
10.936,3.321,2.511,0.382
10.952,3.221,2.641,0.725
10.968,3.015,2.725,0.618
10.985,3.298,2.412,0.687
11.001,3.382,2.603,0.374
11.017,3.443,2.901,0.405
11.033,3.435,2.634,0.466
11.049,3.496,2.588,0.740
11.066,3.565,2.695,0.450
11.082,3.466,2.718,0.427
11.098,3.412,2.115,0.656
11.114,3.420,2.359,0.405
11.131,3.328,2.542,0.511
11.147,3.618,2.504,0.573
11.163,3.435,2.649,0.527
11.179,3.496,2.145,0.740
11.195,3.313,2.878,0.550
11.212,3.191,2.695,0.718
11.228,3.366,2.687,0.511
11.244,3.481,2.366,0.618
11.260,3.603,2.527,0.511
11.276,3.412,2.206,0.763
11.293,3.397,2.252,0.504
11.309,3.321,2.328,0.695
11.325,3.511,2.405,0.534
11.341,3.313,2.389,0.702
11.357,3.382,2.656,0.275
11.373,3.313,2.664,0.366
11.390,3.580,2.496,0.840
11.406,3.565,2.534,0.641
11.422,3.298,2.580,0.504
11.438,3.389,2.305,0.366
11.454,3.382,2.420,0.779
11.470,3.565,2.389,0.779
11.487,3.382,2.511,0.511
11.503,3.359,2.603,0.573
11.519,3.412,2.336,0.450
11.535,3.290,2.588,0.573
11.552,3.450,2.565,0.511
11.568,3.237,2.382,0.611
11.585,3.489,2.519,0.618
11.601,3.374,2.511,0.466
11.617,3.176,2.580,0.771
11.634,3.656,2.565,0.672
11.650,3.206,2.534,0.679
11.666,3.229,2.435,0.641
11.682,3.412,2.664,0.328
11.698,3.260,2.511,0.359
11.715,3.168,2.443,0.351
11.731,3.183,2.397,0.534
11.747,3.206,2.649,0.534
11.763,3.466,2.427,0.405
11.779,3.534,2.687,0.466
11.795,3.366,2.374,0.489
11.812,3.550,2.405,0.450
11.828,3.427,2.656,0.702
11.844,3.252,2.511,0.695
11.860,3.527,2.504,0.435
11.877,3.763,2.672,0.260
11.893,3.313,2.649,0.489
11.909,3.374,2.740,0.634
11.925,3.099,2.366,0.672
11.941,3.397,2.595,0.557
11.957,3.176,2.321,0.695
11.974,3.519,2.672,0.595
11.990,3.534,2.458,0.328
12.006,3.229,2.321,0.702
12.022,3.565,2.443,0.664
12.039,3.679,2.504,0.481
12.055,3.496,2.466,0.733
12.071,3.435,2.664,0.519
12.087,3.252,2.725,0.496
12.104,3.481,2.290,0.557
12.120,3.511,2.344,0.534
12.136,3.298,2.710,0.382
12.152,3.191,2.466,0.458
12.169,3.527,2.443,0.740
12.185,3.595,2.198,0.511
12.201,3.221,2.427,0.588
12.217,3.344,2.588,0.870
12.234,3.298,2.740,0.748
12.250,3.466,2.565,0.366
12.266,3.206,2.511,0.511
12.282,3.183,2.389,0.542
12.298,3.321,2.466,0.550
12.315,3.237,2.305,0.672
12.331,3.305,2.557,0.580
12.347,3.435,2.511,0.489
12.363,3.504,2.321,0.611
12.380,3.344,2.641,0.221
12.396,3.351,2.588,0.618
12.412,3.504,2.557,0.794
12.428,3.420,2.405,0.450
12.444,3.313,2.702,0.786
12.461,3.115,2.496,0.450
12.477,3.344,2.351,0.649
12.493,3.267,2.382,0.374
12.509,3.145,2.427,0.504
12.525,3.359,2.519,0.595
12.541,3.107,2.290,0.573
12.558,3.511,2.664,0.382
12.574,3.313,2.481,0.450
12.590,3.344,2.603,0.725
12.607,3.481,2.382,0.718
12.623,3.427,2.718,0.641
12.639,3.260,2.305,0.779
12.655,3.206,2.534,0.389
12.671,3.198,2.565,0.550
12.688,3.458,2.511,0.519
12.704,3.405,2.321,0.611
12.720,3.481,2.504,0.611
12.736,3.427,2.580,0.573
12.753,3.176,2.336,0.542
12.769,3.557,2.649,0.664
12.785,3.282,2.656,0.733
12.801,3.458,2.435,0.504
12.818,3.382,2.534,0.634
12.834,3.374,2.511,0.595
12.850,3.595,2.702,0.794
12.866,3.405,2.496,0.595
12.883,3.382,2.420,0.290
12.899,3.176,2.405,0.427
12.915,3.275,2.374,0.427
12.931,3.458,2.588,0.542
12.947,3.344,2.191,0.489
12.964,3.611,2.244,0.443
12.980,3.542,2.519,0.649
12.996,3.458,2.519,0.672
13.012,3.443,2.527,0.817
13.028,3.321,2.664,0.344
13.045,3.229,2.481,0.420
13.061,3.427,2.481,0.893
13.077,3.374,2.626,0.656
13.093,3.504,2.443,0.458
13.109,3.397,2.473,0.466
13.126,3.603,2.519,0.382
13.142,3.351,2.611,0.748
13.158,3.298,2.702,0.443
13.174,3.450,2.435,0.229
13.190,3.206,2.359,0.641
13.207,3.366,2.473,0.511
13.223,3.412,2.412,0.542
13.239,3.366,2.130,0.534
13.256,3.206,2.534,0.733
13.272,3.252,2.458,0.527
13.288,3.405,2.466,0.611
13.304,3.443,2.504,0.626
13.321,3.298,2.305,0.511
13.337,3.374,2.382,0.588
13.353,3.336,2.305,0.542
13.369,3.534,2.656,0.519
13.385,3.298,2.702,0.458
13.401,3.183,2.328,0.710
13.418,3.275,2.313,0.557
13.434,3.534,2.183,0.573
13.450,3.557,2.504,0.427
13.466,3.305,2.321,0.588
13.482,3.504,2.435,0.603
13.499,3.435,2.473,0.565
13.515,3.405,2.573,0.679
13.531,3.374,2.519,0.542
13.547,3.427,2.603,0.557
13.564,3.328,2.672,0.679
13.580,3.366,2.443,0.802
13.596,3.366,2.481,0.405
13.612,3.198,2.557,0.626
13.628,3.290,2.603,0.466
13.645,3.382,2.656,0.672
13.661,3.519,2.290,0.634
13.677,3.160,2.626,0.389
13.693,3.382,2.443,0.435
13.710,3.458,2.336,0.527
13.726,3.366,2.359,0.855
13.742,3.313,2.656,0.534
13.758,3.580,2.427,0.748
13.774,3.282,2.496,0.733
13.790,3.389,2.672,0.298
13.807,3.435,2.779,0.496
13.823,3.420,2.519,0.763
13.839,3.450,2.420,0.466
13.856,3.313,2.466,0.824
13.872,3.305,2.435,0.588
13.888,3.328,2.595,0.687
13.904,3.366,2.611,0.679
13.920,3.595,2.603,0.557
13.937,3.534,2.458,0.550
13.953,3.489,2.321,0.748
13.969,3.359,2.603,0.718
13.985,3.260,2.687,0.527
14.001,3.489,2.382,0.412
14.018,3.351,2.099,0.565
14.034,3.244,2.405,0.588
14.050,3.382,2.443,0.618
14.066,3.527,2.748,0.550
14.083,3.313,2.626,0.756
14.099,3.397,2.229,0.473
14.115,3.450,2.504,0.649
14.131,3.244,2.527,0.595
14.148,3.351,2.412,0.435
14.164,3.504,2.687,0.443
14.180,3.061,2.466,0.565
14.196,3.176,2.336,0.695
14.213,3.672,2.557,0.534
14.229,3.557,2.267,0.511
14.245,3.405,2.626,0.496
14.261,3.542,2.565,0.794
14.277,3.267,2.153,0.504
14.294,3.160,2.595,0.511
14.310,3.618,2.427,0.740
14.326,3.176,2.260,0.435
14.342,3.221,2.466,0.771
14.358,3.122,2.542,0.885
14.375,3.611,2.412,0.542
14.391,3.626,2.351,0.557
14.407,3.405,2.267,0.550
14.423,3.084,2.618,0.809
14.439,3.542,2.580,0.458
14.456,3.542,2.168,0.557
14.472,3.275,2.489,0.649
14.488,3.412,2.519,0.618
14.504,3.611,2.527,0.580
14.520,3.412,2.603,0.588
14.537,3.382,2.557,0.473
14.553,3.450,2.702,0.496
14.569,3.412,2.443,0.565
14.585,3.328,2.672,0.634
14.601,3.206,2.565,0.290
14.618,3.496,2.382,0.664
14.634,3.435,2.382,0.466
14.650,3.382,2.496,0.458
14.666,3.252,2.389,0.725
14.683,3.328,2.687,0.588
14.699,3.168,2.847,0.275
14.715,3.473,2.298,0.489
14.731,3.260,2.511,0.389
14.748,3.565,2.786,0.626
14.764,3.420,2.290,0.260
14.780,3.198,2.481,0.221
14.796,3.252,2.595,0.611
14.813,3.137,2.511,0.641
14.829,3.344,2.351,0.374
14.845,3.458,2.443,0.366
14.861,3.473,2.618,0.947
14.878,3.374,2.183,0.710
14.894,3.435,2.534,0.611
14.910,3.328,2.489,0.496
14.926,3.641,2.412,0.534
14.942,3.389,2.473,0.595
14.959,3.435,2.985,0.458
14.975,3.344,2.649,0.786
14.991,3.458,2.511,0.328
15.008,3.229,2.786,0.481
15.024,3.260,2.603,0.573
15.040,3.466,2.565,0.649
15.056,3.275,2.389,0.595
15.072,3.382,2.206,0.588
15.089,3.427,2.664,0.626
15.105,3.427,2.603,0.557
15.121,3.366,2.557,0.618
15.137,3.336,2.550,0.588
15.154,3.458,2.565,0.374
15.170,3.069,2.580,0.725
15.186,3.634,2.664,0.557
15.202,3.336,2.473,0.718
15.219,3.473,2.557,0.740
15.235,3.473,2.573,0.405
15.251,3.626,2.481,0.611
15.267,3.031,2.504,0.443
15.283,3.420,2.519,0.267
15.300,3.435,2.298,0.542
15.316,3.252,2.672,0.740
15.332,3.328,2.672,0.466
15.348,3.275,2.412,0.450
15.365,3.183,2.427,0.458
15.384,3.328,2.504,0.336
15.400,3.412,2.611,0.695
15.416,3.321,2.168,0.336
15.432,3.511,2.473,0.511
15.449,3.595,2.473,0.458
15.465,3.137,2.504,0.214
15.481,3.366,2.374,0.603
15.497,3.244,2.595,0.863
15.514,3.466,2.687,0.489
15.530,3.260,2.603,0.389
15.546,3.206,2.527,0.496
15.562,3.550,2.580,0.473
15.578,3.282,2.504,0.519
15.595,3.229,2.580,0.275
15.611,3.305,2.443,0.305
15.627,3.290,2.550,0.206
15.644,3.183,2.511,0.588
15.660,3.458,2.206,0.702
15.676,3.328,2.527,0.565
15.692,3.076,2.382,0.573
15.708,3.328,2.366,0.649
15.725,3.618,2.458,0.786
15.741,3.351,2.366,0.420
15.757,3.557,2.679,0.420
15.773,3.489,2.496,0.290
15.789,3.466,2.916,0.618
15.805,3.107,2.420,0.740
15.822,3.160,2.496,0.603
15.838,3.389,2.473,0.405
15.854,3.466,2.427,0.458
15.870,3.458,2.458,0.786
15.887,3.435,2.519,0.366
15.903,3.450,2.664,0.824
15.919,3.389,2.550,0.611
15.935,3.359,2.443,0.725
15.951,3.267,2.504,0.542
15.968,3.443,2.267,0.679
15.984,3.275,2.481,0.374
16.000,3.344,2.450,0.618
16.016,3.427,2.382,0.702
16.032,3.489,2.519,0.565
16.049,3.603,2.359,0.656
16.065,3.366,2.718,0.481
16.081,3.534,2.435,0.550
16.097,3.382,2.550,0.481
16.114,3.389,2.466,0.359
16.130,3.504,2.496,0.710
16.146,3.504,2.351,0.603
16.162,3.298,2.496,0.664
16.179,3.298,2.450,0.435
16.195,3.290,2.580,0.481
16.211,3.420,2.511,0.305
16.231,3.557,2.603,0.511
16.247,3.519,2.557,0.420
16.263,3.466,2.313,0.908
16.279,3.092,2.618,0.794
16.296,3.473,2.458,0.473
16.312,3.275,2.611,0.511
16.328,3.435,2.626,0.557
16.344,3.351,2.557,0.786
16.360,3.176,2.443,0.374
16.377,3.366,2.237,0.374
16.393,3.458,2.725,0.527
16.410,3.313,2.527,0.649
16.426,3.313,2.588,0.740
16.442,3.366,2.282,0.550
16.458,3.565,2.527,0.550
16.474,3.321,2.328,0.275
16.491,3.252,2.511,0.656
16.507,3.443,2.580,0.504
16.523,3.328,2.298,0.420
16.539,3.336,2.328,0.489
16.555,3.458,2.672,0.771
16.571,3.611,2.466,0.611
16.588,3.557,2.573,0.496
16.604,3.473,2.595,0.748
16.620,3.672,2.527,0.504
16.636,3.298,2.534,0.718
16.653,3.344,2.550,0.489
16.669,3.290,2.580,0.435
16.685,3.511,2.580,0.443
16.701,3.656,2.595,0.405
16.717,3.389,2.450,0.725
16.734,3.412,2.496,0.504
16.750,3.244,2.679,0.580
16.766,3.015,2.611,0.611
16.782,3.527,2.573,0.229
16.799,3.382,2.145,0.618
16.815,3.450,2.656,0.450
16.831,3.573,2.481,0.420
16.847,3.389,2.420,0.687
16.864,3.267,2.641,0.427
16.880,3.710,2.740,0.382
16.896,3.351,2.420,0.595
16.912,3.443,2.626,0.496
16.929,3.443,2.550,0.649
16.945,3.275,2.183,0.534
16.961,3.473,2.931,0.611
16.977,3.321,2.763,0.504
16.993,3.511,2.695,0.191
17.010,3.473,2.718,0.565
17.026,3.260,2.710,0.656
17.042,3.221,2.595,0.267
17.058,3.374,2.237,0.534
17.074,3.382,2.702,0.557
17.090,3.237,2.565,0.641
17.107,3.420,2.244,0.763
17.123,3.359,2.519,0.427
17.139,3.290,2.550,0.565
17.155,3.061,2.374,0.565
17.171,3.450,2.687,0.603
17.188,3.603,2.382,0.496
17.204,3.328,2.664,0.328
17.220,3.252,2.328,0.679
17.236,3.489,2.588,0.427
17.253,3.603,2.565,0.382
17.269,3.260,2.702,0.374
17.286,3.260,2.420,0.557
17.302,3.702,2.336,0.427
17.318,3.595,2.710,0.710
17.334,3.481,2.626,0.580
17.351,3.573,2.397,0.550
17.367,3.412,2.634,0.786
17.383,3.443,2.725,0.786
17.400,3.244,2.565,0.771
17.416,3.511,2.405,0.489
17.432,3.595,2.489,0.275
17.448,3.282,2.450,0.466
17.465,3.481,2.641,0.557
17.481,3.237,2.305,0.496
17.497,3.305,2.450,0.656
17.513,3.191,2.405,0.412
17.529,3.237,2.405,0.641
17.545,3.191,2.618,0.389
17.562,3.626,2.641,0.534
17.578,3.550,2.511,0.511
17.594,3.282,2.496,0.626
17.610,3.519,2.443,0.710
17.627,3.298,2.382,0.565
17.643,3.405,2.374,0.534
17.659,3.534,2.702,0.664
17.675,3.634,2.397,0.679
17.691,3.511,2.588,0.427
17.707,3.489,2.450,0.550
17.724,3.290,2.397,0.687
17.740,3.405,2.611,0.351
17.756,3.290,2.611,0.702
17.772,3.618,2.481,0.847
17.789,3.267,2.412,0.656
17.805,3.382,2.420,0.748
17.821,3.489,2.702,0.527
17.837,3.473,2.595,0.656
17.853,3.382,2.405,0.550
17.870,3.336,2.405,0.664
17.886,3.458,2.802,0.511
17.902,3.389,2.573,0.466
17.918,3.252,2.527,0.527
17.935,3.351,2.298,0.802
17.951,3.542,2.389,0.580
17.967,3.374,2.527,0.733
17.983,3.489,2.214,0.496
17.999,3.328,2.550,0.626
18.015,3.382,2.397,0.588
18.032,3.405,2.603,0.725
18.048,3.389,2.282,0.603
18.064,3.634,2.550,0.496
18.080,3.496,2.496,0.695
18.097,3.214,2.374,0.519
18.113,3.282,2.634,0.496
18.129,3.405,2.412,0.450
18.145,3.557,2.824,0.496
18.161,3.107,2.359,0.397
18.178,3.389,2.527,0.244
18.194,3.542,2.374,0.489
18.210,3.443,2.328,0.595
18.226,3.802,2.481,0.527
18.243,3.420,2.595,0.473
18.259,3.290,2.580,0.550
18.275,3.107,2.435,0.458
18.291,3.282,2.786,0.748
18.307,3.252,2.725,0.504
18.324,3.473,2.359,0.328
18.340,3.298,2.565,0.405
18.356,3.481,2.527,0.748
18.372,3.267,2.389,0.534
18.389,3.504,2.405,0.557
18.405,3.336,2.221,0.542
18.421,3.031,2.748,0.252
18.437,3.359,2.611,0.504
18.453,3.504,2.412,0.595
18.470,3.374,2.405,0.473
18.486,3.382,2.733,0.649
18.502,3.656,2.573,0.641
18.518,3.565,2.504,0.618
18.535,3.542,2.420,0.336
18.551,3.374,2.313,0.588
18.567,3.496,2.443,0.412
18.583,3.198,2.489,0.282
18.599,3.527,2.313,0.595
18.616,3.580,2.405,0.786
18.632,3.328,2.511,0.313
18.648,3.450,2.740,0.519
18.664,3.122,2.397,0.481
18.680,3.489,2.779,0.588
18.697,3.481,2.573,0.634
18.713,3.687,2.550,0.542
18.729,3.122,2.603,0.489
18.745,3.603,2.664,0.595
18.761,3.374,2.450,0.649
18.778,3.321,2.542,0.679
18.794,3.191,2.664,0.664
18.810,3.511,2.405,0.664
18.826,3.344,2.489,0.382
18.842,3.351,2.282,0.435
18.859,3.374,2.573,0.344
18.875,3.237,2.626,0.443
18.891,3.420,2.527,0.679
18.907,3.382,2.366,0.534
18.923,3.282,2.565,0.626
18.940,3.397,2.275,0.580
18.956,3.427,2.580,0.519
18.972,3.382,2.260,0.573
18.988,3.313,2.542,0.626
19.005,3.519,2.359,0.481
19.020,3.397,2.489,0.626
19.037,3.534,2.313,0.588
19.053,3.397,2.374,0.649
19.069,3.481,2.511,0.763
19.085,3.511,2.603,0.824
19.101,3.435,2.649,0.756
19.118,3.053,2.519,0.504
19.134,3.389,2.443,0.260
19.150,3.511,2.679,0.771
19.166,3.389,2.618,0.504
19.183,3.260,2.588,0.695
19.199,3.443,2.595,0.695
19.216,3.519,2.679,0.641
19.232,3.595,2.427,0.435
19.248,3.298,2.466,0.679
19.264,3.115,2.473,0.435
19.280,3.221,2.740,0.603
19.297,3.275,2.221,0.702
19.313,3.458,2.435,0.588
19.329,3.221,2.656,0.214
19.346,3.420,2.481,0.374
19.362,3.275,2.450,0.366
19.378,3.450,2.397,0.763
19.394,3.496,2.679,0.985
19.411,3.282,2.344,0.511
19.427,3.359,2.389,0.519
19.443,3.359,2.824,0.427
19.459,3.641,2.389,0.634
19.475,3.260,2.611,0.687
19.493,3.290,2.473,0.359
19.509,3.504,2.687,0.542
19.525,3.573,2.427,0.313
19.541,3.382,2.504,0.611
19.557,3.351,2.405,0.550
19.574,3.557,2.382,0.450
19.590,3.237,2.595,0.855
19.606,3.527,2.489,0.786
19.622,3.412,2.313,0.550
19.639,3.313,2.504,0.687
19.655,3.206,2.542,0.229
19.671,3.351,2.374,0.824
19.687,3.336,2.802,0.679
19.703,3.214,2.580,0.740
19.719,3.458,2.489,0.763
19.736,3.359,2.466,0.611
19.752,3.122,2.298,0.511
19.768,3.435,2.527,0.489
19.784,3.153,2.611,0.763
19.801,3.534,2.634,0.252
19.817,3.641,2.511,0.420
19.833,3.336,2.191,0.885
19.849,3.481,2.763,0.458
19.865,3.397,2.916,0.443
19.882,3.420,2.527,0.435
19.898,3.397,2.282,0.672
19.914,3.542,2.427,0.779
19.930,3.313,2.389,0.641
19.947,3.405,2.397,0.534
19.963,3.168,2.405,0.641
19.979,3.298,2.458,0.664
19.995,3.511,2.679,0.519
20.011,3.168,2.565,0.466
20.028,3.321,2.420,0.489
20.044,3.489,2.588,0.840
20.060,3.588,2.427,0.740
20.076,3.229,2.229,0.641
20.093,3.550,2.458,0.649
20.109,3.435,2.771,0.626
20.125,3.130,2.214,0.550
20.141,3.214,2.573,0.748
20.157,3.504,2.473,0.412
20.174,3.305,2.450,0.641
20.190,3.481,2.634,0.740
20.206,3.389,2.603,0.466
20.222,3.435,2.534,0.611
20.238,3.221,2.405,0.366
20.255,3.305,2.809,0.527
20.271,3.504,2.496,0.443
20.287,3.374,2.779,0.595
20.303,3.527,2.656,0.267
20.319,3.450,2.748,0.763
20.336,3.611,2.641,0.427
20.352,3.115,2.656,0.458
20.368,3.336,2.473,0.679
20.388,3.321,2.779,0.710
20.404,3.214,2.603,0.427
20.420,3.542,2.489,0.649
20.436,3.550,2.344,0.855
20.452,3.336,2.115,0.573
20.469,3.321,2.305,0.519
20.485,3.466,2.244,0.710
20.501,3.527,2.466,0.595
20.517,3.481,2.916,0.748
20.533,3.221,2.550,0.511
20.550,3.229,2.504,0.588
20.566,3.450,2.183,0.618
20.582,3.450,2.321,0.443
20.598,3.382,2.511,0.626
20.615,3.397,2.435,0.466
20.631,3.069,2.565,0.534
20.647,3.389,2.328,0.550
20.663,3.481,2.313,0.542
20.680,3.649,2.405,0.252
20.696,3.359,2.542,0.626
20.712,3.206,2.450,0.573
20.728,3.176,2.504,0.527
20.745,3.237,2.618,0.359
20.761,3.534,2.473,0.412
20.777,3.382,2.382,0.603
20.793,3.405,2.214,0.405
20.809,3.679,2.420,0.321
20.825,3.473,2.763,0.702
20.842,3.534,2.336,0.588
20.858,3.351,2.427,0.580
20.874,3.443,2.611,0.794
20.890,3.374,2.695,0.473
20.906,3.382,2.458,0.656
20.923,3.618,2.359,0.519
20.939,3.672,2.282,0.748
20.955,3.290,2.221,0.458
20.971,3.412,2.397,0.466
20.988,3.473,2.366,0.679
21.004,3.374,2.458,0.214
21.020,3.412,2.740,0.588
21.036,3.412,2.473,0.565
21.053,3.489,2.573,0.664
21.069,3.214,2.679,0.489
21.085,3.282,2.641,0.557
21.102,3.351,2.565,0.725
21.118,3.176,2.695,0.573
21.134,3.412,2.198,0.351
21.150,3.466,2.542,0.687
21.166,3.611,2.725,0.779
21.183,3.237,2.336,0.573
21.199,3.336,2.557,0.511
21.215,3.427,2.435,0.435
21.231,3.305,2.618,0.450
21.248,3.649,2.641,0.580
21.264,3.351,2.519,0.588
21.280,3.336,2.229,0.565
21.296,3.443,2.458,0.542
21.313,3.389,2.397,0.664
21.329,3.466,2.626,0.718
21.345,3.427,2.626,0.672
21.361,3.267,2.489,0.618
21.378,3.412,2.794,0.649
21.394,3.229,2.466,0.763
21.410,3.435,2.649,0.878
21.426,3.504,2.527,0.649
21.442,3.496,2.565,0.733
21.458,3.527,2.282,0.771
21.475,3.443,2.504,0.542
21.491,3.328,2.588,0.695
21.507,3.412,2.511,0.733
21.523,3.466,2.725,0.611
21.539,3.412,2.710,0.466
21.559,3.466,2.405,0.534
21.575,3.687,2.336,0.511
21.591,3.115,2.573,0.557
21.608,3.435,2.321,0.786
21.624,3.519,2.489,0.611
21.640,3.191,2.466,0.244
21.656,3.550,2.573,0.458
21.672,3.145,2.519,0.351
21.689,3.214,2.382,0.641
21.705,3.427,2.489,0.405
21.721,3.305,2.420,0.435
21.737,3.328,2.740,0.634
21.753,3.229,2.794,0.611
21.770,3.496,2.389,0.466
21.786,3.405,2.618,0.527
21.802,3.603,2.336,0.527
21.818,3.198,2.550,0.252
21.835,3.374,2.435,0.580
21.851,3.573,2.573,0.359
21.867,3.206,2.740,0.740
21.883,3.420,2.527,0.542
21.899,3.382,2.328,0.389
21.916,3.282,2.573,0.580
21.932,3.244,2.534,0.565
21.948,3.328,2.656,0.634
21.964,3.412,2.351,0.618
21.980,3.366,2.573,0.565
21.997,3.397,2.397,0.611
22.013,3.351,2.466,0.435
22.029,3.351,2.740,0.511
22.045,3.290,2.374,0.702
22.061,3.557,2.374,0.603
22.078,3.260,2.366,0.557
22.094,3.550,2.710,0.779
22.109,3.351,2.649,0.420
22.126,3.244,2.840,0.542
22.142,3.366,2.695,0.588
22.158,3.473,2.298,0.504
22.174,3.420,2.603,0.412
22.190,3.504,2.458,0.519
22.207,3.443,2.557,0.618
22.223,3.389,2.672,0.710
22.239,3.336,2.466,0.336
22.255,3.450,2.511,0.504
22.271,3.466,2.534,0.595
22.288,3.298,2.427,0.489
22.306,3.511,2.443,0.786
22.322,3.435,2.611,0.550
22.339,3.481,2.504,0.366
22.355,3.336,2.427,0.580
22.371,3.397,2.565,0.679
22.387,3.374,2.634,0.649
22.404,3.237,2.298,0.634
22.420,3.221,2.649,0.420
22.436,3.397,2.359,0.473
22.452,3.321,2.664,0.802
22.468,3.290,2.282,0.641
22.485,3.389,2.313,0.481
22.501,3.344,2.802,0.580
22.517,3.313,2.542,0.573
22.533,3.382,2.359,0.290
22.550,3.557,2.664,0.595
22.566,3.275,2.748,0.672
22.582,3.328,2.649,0.412
22.598,3.198,2.504,0.679
22.615,3.008,2.435,0.557
22.631,3.504,2.389,0.443
22.647,3.427,2.229,0.664
22.663,3.443,2.534,0.710
22.679,3.534,2.565,0.702
22.695,3.450,2.504,0.664
22.712,3.405,2.504,0.588
22.728,3.260,2.534,0.573
22.744,3.534,2.656,0.229
22.760,3.313,2.824,0.557
22.776,3.344,2.336,0.305
22.793,3.107,2.519,0.588
22.809,3.656,2.412,0.725
22.825,3.405,2.382,0.718
22.841,3.466,2.565,0.427
22.857,3.328,2.511,0.679
22.873,3.328,2.496,0.359
22.890,3.351,2.351,0.908
22.906,3.344,2.595,0.420
22.922,3.450,2.397,0.679
22.938,3.344,2.611,0.351
22.955,3.290,2.435,0.481
22.971,3.061,2.588,0.382
22.987,3.565,2.084,0.519
23.003,3.229,2.244,0.473
23.019,3.458,2.588,0.641
23.035,3.374,2.702,0.611
23.052,3.290,2.412,0.718
23.068,3.382,2.702,0.298
23.084,3.344,2.489,0.588
23.100,3.634,2.771,0.374
23.116,3.229,2.351,0.527
23.132,3.351,2.389,0.519
23.148,3.466,2.641,0.466
23.164,3.267,2.466,0.740
23.180,3.252,2.435,0.481
23.197,3.336,2.321,0.611
23.213,3.473,2.420,0.519
23.229,3.412,2.351,0.618
23.245,3.282,2.389,0.275
23.261,3.511,2.206,0.550
23.278,3.458,2.450,0.687
23.294,3.519,2.405,0.397
23.310,3.450,2.374,0.702
23.326,3.664,2.817,0.702
23.342,3.527,2.397,0.511
23.359,3.168,2.634,0.321
23.375,3.611,2.527,0.702
23.391,3.366,2.710,0.550
23.407,3.336,2.351,0.664
23.423,3.206,2.573,0.466
23.440,3.427,2.580,0.397
23.456,3.412,2.611,0.649
23.472,3.450,2.305,0.458
23.488,3.168,2.237,0.611
23.505,3.252,2.405,0.534
23.521,3.466,2.374,0.382
23.537,3.573,2.252,0.588
23.553,2.939,2.542,0.824
23.570,3.305,2.573,0.489
23.586,3.626,2.489,0.565
23.602,3.542,2.405,0.580
23.618,3.595,2.595,0.344
23.635,3.397,2.595,0.389
23.651,3.237,2.687,0.580
23.667,3.550,2.573,0.626
23.683,3.275,2.496,0.588
23.699,3.328,2.397,0.382
23.715,3.573,2.489,0.588
23.732,3.580,2.519,0.435
23.748,3.412,2.427,0.405
23.764,3.336,2.740,0.595
23.780,3.466,2.595,0.374
23.796,3.565,2.389,0.588
23.812,3.267,2.198,0.588
23.829,3.382,2.565,0.374
23.845,3.328,2.511,0.733
23.861,3.527,2.626,0.634
23.877,3.466,2.611,0.489
23.894,3.260,2.534,0.802
23.910,3.458,2.427,0.504
23.926,3.328,2.870,0.565
23.942,3.565,2.321,0.664
23.958,3.420,2.198,0.595
23.975,3.481,2.481,0.550
23.991,3.221,2.580,0.870
24.007,3.565,2.588,0.176
24.023,3.351,2.664,0.542
24.039,3.557,2.427,0.565
24.055,3.344,2.588,0.595
24.072,3.634,2.496,0.359
24.088,3.443,2.458,0.634
24.104,3.573,2.466,0.580
24.120,3.153,2.641,0.718
24.136,3.412,2.595,0.489
24.152,3.260,2.481,0.550
24.168,3.366,2.496,0.771
24.185,3.382,2.336,0.504
24.201,3.198,2.328,0.489
24.217,3.443,2.244,0.366
24.233,3.328,2.580,0.710
24.249,3.359,2.695,0.519
24.265,3.427,2.374,0.450
24.282,3.458,2.611,0.374
24.298,3.374,2.557,0.321
24.314,3.466,2.550,0.481
24.330,3.397,2.511,0.702
24.346,3.244,2.382,0.565
24.363,3.298,2.305,0.656
24.379,3.305,2.321,0.450
24.395,3.359,2.611,0.557
24.411,3.519,2.504,0.458
24.428,3.473,2.221,0.511
24.444,3.405,2.504,0.779
24.460,3.435,2.473,0.618
24.476,3.427,2.534,0.359
24.493,3.412,2.389,0.649
24.509,3.168,2.542,0.626
24.525,3.115,2.595,0.405
24.541,3.351,2.298,0.519
24.557,3.344,2.443,0.504
24.574,3.427,2.519,0.397
24.590,3.397,2.664,0.473
24.606,3.466,2.527,0.489
24.622,3.412,2.718,0.641
24.639,3.145,2.473,0.542
24.655,3.458,2.702,0.603
24.671,3.260,2.397,0.702
24.687,3.435,2.427,0.496
24.703,3.603,2.504,0.496
24.720,3.351,2.511,0.458
24.736,3.504,2.557,0.511
24.752,3.458,2.466,0.565
24.768,3.412,2.649,0.435
24.785,3.397,2.550,0.710
24.801,3.473,2.565,0.489
24.817,3.550,2.626,0.527
24.833,3.191,2.511,0.321
24.850,3.450,2.427,0.626
24.866,3.389,2.687,0.527
24.882,3.298,2.580,0.420
24.898,3.198,2.473,0.672
24.915,3.557,2.305,0.588
24.931,3.580,2.595,0.771
24.947,3.664,2.191,0.611
24.963,3.313,2.214,0.603
24.979,3.084,2.511,0.389
24.996,3.496,2.389,0.542
25.012,3.519,2.389,0.580
25.028,3.580,2.565,0.511
25.044,3.611,2.374,0.359
25.061,3.443,2.450,0.473
25.077,3.466,2.496,0.649
25.093,3.244,2.725,0.427
25.109,3.191,2.824,0.672
25.125,3.351,2.489,0.435
25.141,3.397,2.550,0.573
25.158,3.366,2.718,0.557
25.174,3.374,2.336,0.275
25.190,3.435,2.656,0.412
25.206,3.443,2.481,0.504
25.222,3.359,2.580,0.427
25.239,3.160,2.634,0.542
25.255,3.221,2.397,0.557
25.271,3.618,2.565,0.382
25.287,3.588,2.496,0.672
25.304,3.214,2.412,0.672
25.320,3.328,2.573,0.450
25.336,3.351,2.435,0.664
25.352,3.588,2.718,0.618
25.368,3.282,2.542,0.718
25.385,3.244,2.427,0.397
25.401,3.489,2.550,0.710
25.417,3.366,2.603,0.626
25.433,3.412,2.611,0.710
25.449,3.351,2.450,0.405
25.466,3.458,2.557,0.458
25.482,3.092,2.542,0.405
25.498,3.481,2.595,0.458
25.514,3.389,2.290,0.565
25.530,3.412,2.511,0.580
25.547,3.603,2.489,0.481
25.563,3.298,2.687,0.817
25.579,3.267,2.580,0.840
25.595,3.397,2.405,0.618
25.612,3.267,2.466,0.626
25.628,3.336,2.618,0.481
25.644,3.504,2.641,0.511
25.660,3.221,2.374,0.664
25.676,3.542,2.382,0.542
25.693,3.550,2.397,0.863
25.709,3.412,2.473,0.366
25.725,3.344,2.450,0.588
25.741,3.412,2.649,0.634
25.757,3.328,2.763,0.550
25.773,3.336,2.328,0.550
25.790,3.489,2.519,0.550
25.806,3.153,2.603,0.427
25.822,3.382,2.427,0.519
25.839,3.229,2.481,0.573
25.855,3.366,2.664,0.611
25.871,3.374,2.740,0.588
25.888,3.374,2.351,0.588
25.904,3.557,2.519,0.641
25.920,3.473,2.794,0.542
25.936,3.244,2.466,0.679
25.952,3.412,2.771,0.634
25.969,3.344,2.351,0.718
25.985,3.618,2.313,0.557
26.001,3.427,2.214,0.695
26.018,3.550,2.466,0.763
26.034,3.412,2.366,0.573
26.050,3.550,2.542,0.649
26.066,3.290,2.435,0.435
26.082,3.252,2.588,0.603
26.099,3.183,2.405,0.420
26.115,3.473,2.389,0.466
26.131,3.473,2.847,0.527
26.147,3.397,2.397,0.405
26.163,3.496,2.626,0.565
26.180,3.198,2.718,0.534
26.196,3.481,2.374,0.687
26.212,3.198,2.511,0.435
26.228,3.550,2.641,0.389
26.245,3.412,2.405,0.542
26.261,3.611,2.519,0.458
26.277,3.458,2.191,0.496
26.293,3.336,2.267,0.603
26.310,3.473,2.405,0.702
26.326,3.366,2.351,0.802
26.342,3.511,2.542,0.458
26.359,3.649,2.542,0.405
26.375,3.496,2.656,0.710
26.391,3.405,2.618,0.664
26.407,3.481,2.786,0.458
26.423,3.344,2.573,0.763
26.440,3.267,2.664,0.710
26.456,3.328,2.618,0.733
26.472,3.420,2.450,0.557
26.488,3.366,2.397,0.626
26.505,3.344,2.336,0.756
26.521,3.115,2.496,0.458
26.537,3.206,2.656,0.565
26.553,3.061,2.344,0.565
26.569,3.313,2.489,0.527
26.585,3.382,2.672,0.542
26.602,3.489,2.771,0.405
26.618,3.504,2.611,0.519
26.634,3.359,2.527,0.565
26.650,3.611,2.557,0.603
26.667,3.344,2.260,0.565
26.683,3.405,2.618,0.748
26.699,3.389,2.282,0.527
26.715,3.374,2.351,0.611
26.731,3.237,2.473,0.595
26.748,3.443,2.504,0.565
26.764,3.527,2.725,0.542
26.780,3.214,2.489,0.473
26.796,3.305,2.481,0.496
26.812,3.450,2.321,0.313
26.829,3.435,2.618,0.626
26.845,3.305,2.214,0.733
26.861,3.198,2.511,0.527
26.881,3.565,2.473,0.481
26.897,3.443,2.618,0.748
26.914,3.290,2.382,0.313
26.930,3.573,2.809,0.664
26.946,3.366,2.252,0.634
26.962,3.389,2.527,0.771
26.978,3.504,2.198,0.443
26.995,3.290,2.672,0.496
27.011,3.191,2.427,0.427
27.027,3.603,2.489,0.527
27.043,3.160,2.420,0.550
27.059,3.374,2.641,0.382
27.076,3.229,2.489,0.618
27.092,3.076,2.573,0.550
27.108,3.122,2.351,0.420
27.124,3.458,2.527,0.374
27.140,3.450,2.656,0.702
27.157,3.450,2.802,0.588
27.173,3.588,2.366,0.527
27.189,3.374,2.595,0.611
27.205,3.328,2.450,0.313
27.222,3.405,2.603,0.305
27.238,3.580,2.328,0.733
27.255,3.557,2.359,0.534
27.271,3.443,2.534,0.450
27.288,3.305,2.847,0.260
27.304,3.282,2.588,0.489
27.320,3.214,2.389,0.489
27.336,3.458,2.695,0.565
27.353,3.565,2.473,0.580
27.369,3.412,2.458,0.481
27.385,3.588,2.550,0.534
27.401,3.458,2.450,0.565
27.418,3.733,2.702,0.641
27.434,3.489,2.557,0.519
27.450,3.588,2.489,0.763
27.466,3.595,2.473,0.313
27.482,3.160,2.534,0.603
27.499,3.275,2.450,0.534
27.515,3.076,2.565,0.718
27.531,3.214,2.260,0.641
27.547,3.466,2.702,0.588
27.563,3.321,2.664,0.473
27.580,3.237,2.305,0.588
27.596,3.260,2.557,0.466
27.612,3.527,2.573,0.588
27.628,3.275,2.496,0.412
27.644,3.420,2.504,0.855
27.661,3.412,2.458,0.534
27.677,3.366,2.504,0.427
27.693,3.321,2.527,0.656
27.709,3.412,2.214,0.397
27.725,3.511,2.565,0.527
27.741,3.435,2.573,1.046
27.758,3.626,2.710,0.412
27.774,3.153,2.618,0.573
27.790,3.313,2.481,0.687
27.806,3.260,2.580,0.366
27.822,3.405,2.756,0.366
27.839,3.504,2.611,0.557
27.855,3.443,2.626,0.489
27.871,3.321,2.290,0.664
27.887,3.389,2.649,0.427
27.903,3.290,2.565,0.359
27.920,3.427,2.634,0.351
27.936,3.183,2.534,0.695
27.952,3.649,2.763,0.389
27.968,3.305,2.405,0.260
27.985,3.534,2.588,0.344
28.001,3.298,2.511,0.618
28.017,3.435,2.443,0.595
28.033,3.427,2.534,0.641
28.050,3.328,2.275,0.450
28.066,3.153,2.893,0.405
28.082,3.420,2.595,0.702
28.098,3.412,2.504,0.458
28.115,3.382,2.397,0.374
28.131,3.427,2.382,0.603
28.147,3.382,2.382,0.328
28.163,3.237,2.374,0.565
28.180,3.252,2.618,0.489
28.196,3.435,2.550,0.588
28.212,3.351,2.458,0.435
28.229,3.282,2.321,0.489
28.245,3.221,2.458,0.511
28.261,3.550,2.412,0.573
28.277,3.351,2.351,0.672
28.293,3.473,2.374,0.412
28.310,3.359,2.267,0.641
28.326,3.282,2.374,0.481
28.342,3.382,2.473,0.817
28.358,3.412,2.481,0.504
28.374,3.450,2.458,0.458
28.391,3.298,2.473,0.374
28.407,3.298,2.450,0.824
28.423,3.496,2.275,0.756
28.439,3.336,2.504,0.580
28.455,3.221,2.679,0.763
28.472,3.420,2.763,0.817
28.488,3.328,2.366,0.573
28.504,3.641,2.496,0.466
28.520,3.481,2.573,0.534
28.537,3.176,2.565,0.405
28.553,3.397,2.611,0.580
28.569,3.534,2.557,0.664
28.585,3.252,2.809,0.687
28.601,3.382,2.656,0.687
28.618,3.130,2.435,0.565
28.634,3.481,2.656,0.679
28.650,3.634,2.763,0.458
28.666,3.405,2.580,0.771
28.683,3.412,2.634,0.679
28.699,3.557,2.427,0.458
28.715,3.557,2.550,0.733
28.731,3.450,2.305,0.473
28.747,3.458,2.458,0.466
28.764,3.466,2.366,0.649
28.780,3.626,2.412,0.481
28.796,3.626,2.595,0.634
28.812,3.267,2.466,0.504
28.829,3.618,2.458,0.519
28.845,3.321,2.611,0.588
28.861,3.260,2.389,0.473
28.878,3.542,2.336,0.443
28.894,3.237,2.702,0.672
28.910,3.321,2.534,0.634
28.926,3.435,2.611,0.641
28.942,3.267,2.679,0.313
28.958,3.176,2.511,0.595
28.975,3.580,2.359,0.626
28.991,3.420,2.496,0.611
29.007,3.382,2.366,0.359
29.023,3.473,2.389,0.603
29.039,3.420,2.634,0.450
29.056,3.344,2.420,0.481
29.072,3.427,2.519,0.427
29.088,3.611,2.679,0.557
29.104,3.649,2.443,0.679
29.121,3.573,2.695,0.496
29.137,3.305,2.359,0.473
29.153,3.351,2.710,0.687
29.169,3.359,2.298,0.435
29.185,3.275,2.504,0.733
29.202,3.229,2.588,0.656
29.218,3.359,2.374,0.611
29.234,3.282,2.489,0.656
29.250,3.473,2.603,0.427
29.267,3.595,2.366,0.779
29.283,3.290,2.718,0.511
29.299,3.389,2.626,0.611
29.315,3.496,2.809,0.473
29.332,3.420,2.618,0.473
29.348,3.466,2.244,0.511
29.364,3.672,2.458,0.649
29.380,3.374,2.595,0.443
29.396,3.282,2.313,0.603
29.413,3.397,2.389,0.786
29.429,3.282,2.260,0.481
29.445,3.489,2.832,0.580
29.461,3.092,2.947,0.298
29.478,3.305,2.664,0.672
29.494,3.473,2.305,0.557
29.510,3.427,2.489,0.534
29.527,3.351,2.595,0.534
29.543,3.229,2.244,0.489
29.559,3.412,2.496,0.626
29.575,3.580,2.534,0.519
29.591,3.427,2.573,0.603
29.608,3.321,2.634,0.092
29.624,3.489,2.641,0.511
29.640,3.290,2.733,0.519
29.656,3.519,2.595,0.458
29.672,3.099,2.672,0.664
29.689,3.786,2.221,0.282
29.705,3.260,2.496,0.588
29.721,3.519,2.344,0.282
29.737,3.382,2.214,0.504
29.753,3.267,2.305,0.511
29.770,3.481,2.618,0.534
29.786,3.412,2.481,0.557
29.802,3.763,2.878,0.603
29.818,3.496,2.267,0.695
29.835,3.481,2.435,0.786
29.851,3.275,2.649,0.435
29.867,3.435,2.405,0.542
29.883,3.511,2.374,0.427
29.899,3.542,2.458,0.634
29.916,3.374,2.779,0.412
29.932,3.489,2.244,0.557
29.948,3.542,2.527,0.656
29.964,3.427,2.412,0.672
29.981,3.466,2.634,0.557
29.997,3.237,2.542,0.519
